811.2573466965123
608.6337693225872
584.8872303380649
580.2114829284744
576.8666978086942
575.5011041274848
574.0906021746155
575.889778325377
575.9519067436339
579.186257856626
577.6776796334217
579.5074953286903
578.1438338715735
577.8009172756844
580.4394428398236
579.6402029899232
555.5623407506979
484.44504841150876
406.99239850531427
365.511211143155
364.9759215220761
405.4247706809655
455.22929760512216
500.95704518442426
535.3767411241366
555.9475114656243
565.7045821300633
568.3445090877433
569.5513631734173
559.1478681844671
551.6470400880182
545.1833913704486
539.6211143195482
540.9081450652583
541.9264905722014
545.7467725500561
548.2856930527985
554.1459996600199
555.3902242227459
556.0933412603065
553.6206471890742
551.6770001695548
554.662858841267
554.1318158658257
554.528813487345
554.0842959065452
552.5775225069091
552.5622558177978
553.687340751168
554.0717046036752
