1.000000000000000000e+00 5.903305296482033171e-01 3.489827426083264017e-01 4.820915158581997595e-01 5.957265587656961348e-01 4.353542371506735065e-01 4.607480615005307700e-01 3.603581647781843311e-01 3.518458758861811031e-01 2.553392241446409971e-01 3.629168017001455082e-01 4.647764431574382127e-01 2.140234218584872450e-01 2.736370200999782565e-01 3.943536841837836926e-01 9.755651805692196199e-02 2.130466058484338787e-01
5.903305296482033171e-01 1.000000000000000000e+00 2.503537381928183092e-01 5.534022402697194032e-01 3.408746228360822750e-01 2.010898430456664610e-01 5.494547297559796428e-01 5.370975271634464976e-01 8.193853564930338174e-02 3.938505954644547918e-02 4.017565273027025041e-01 2.225448514117447096e-01 1.575571812503541447e-01 2.965891046669003051e-01 6.236588016632482051e-02 1.638404420773609954e-02 1.274264349884452197e-01
3.489827426083264017e-01 2.503537381928183092e-01 1.000000000000000000e+00 3.158400958894440613e-01 4.009218541019535231e-01 7.118633736298954906e-01 5.913046667014579816e-01 4.113302189203456027e-01 2.948521006048064330e-01 -4.008578447607456102e-02 1.486410487808766945e-01 4.476560659391808361e-01 1.658691073319026599e-01 2.781019270367387497e-01 4.521482849378954949e-02 -2.335360268218744650e-02 1.710777605975712101e-01
4.820915158581997595e-01 5.534022402697194032e-01 3.158400958894440613e-01 1.000000000000000000e+00 1.679592509807791845e-01 2.703412395861610751e-01 6.543504452271620142e-01 3.794761925123072421e-01 3.631540693321148594e-01 -4.452723458695201364e-02 9.183979472090292306e-02 1.550695391910350829e-01 -1.104793318054523785e-02 4.080551495161721109e-01 7.666368094526265775e-02 -4.318223194802906645e-02 1.700123926585266065e-01
5.957265587656961348e-01 3.408746228360822750e-01 4.009218541019535231e-01 1.679592509807791845e-01 1.000000000000000000e+00 6.708329956119650772e-01 3.816944681404240147e-01 4.149062562573176960e-01 2.762429169812323226e-01 1.230706286129760463e-01 5.009534912465261058e-01 6.665538038182734493e-01 3.352087007722059919e-01 2.878633069721682203e-01 5.016134231263141841e-01 -3.961027499986024408e-02 1.405780588871833880e-01
4.353542371506735065e-01 2.010898430456664610e-01 7.118633736298954906e-01 2.703412395861610751e-01 6.708329956119650772e-01 1.000000000000000000e+00 6.097986437039231156e-01 5.073223666297752565e-01 3.952265641278473463e-01 -3.101248774602414354e-02 2.921182054653527760e-01 6.663885780947973458e-01 2.420218943658573318e-01 3.260641177261955348e-01 2.638504325306876286e-01 -3.130229112386120199e-02 1.941421337493110244e-01
4.607480615005307700e-01 5.494547297559796428e-01 5.913046667014579816e-01 6.543504452271620142e-01 3.816944681404240147e-01 6.097986437039231156e-01 1.000000000000000000e+00 7.095166355252181534e-01 3.129993597102982417e-01 -1.612730956850683406e-01 1.835386688726932947e-01 3.818200756286505571e-01 1.469953345587970452e-02 4.523132589470884590e-01 2.092124211689529514e-02 -1.814912240268053978e-01 1.322335119816503701e-01
3.603581647781843311e-01 5.370975271634464976e-01 4.113302189203456027e-01 3.794761925123072421e-01 4.149062562573176960e-01 5.073223666297752565e-01 7.095166355252181534e-01 1.000000000000000000e+00 1.405679151169826335e-01 -6.149711843722897864e-02 4.364990533097563574e-01 5.636328868021122096e-01 4.195872831650351853e-01 4.500866072280536589e-01 -1.800085780092363849e-02 7.903234616933096923e-02 3.599565826790472323e-01
3.518458758861811031e-01 8.193853564930338174e-02 2.948521006048064330e-01 3.631540693321148594e-01 2.762429169812323226e-01 3.952265641278473463e-01 3.129993597102982417e-01 1.405679151169826335e-01 1.000000000000000000e+00 1.074275052965118216e-01 -3.999403731364700905e-03 3.350190884425867655e-01 1.041649077701784221e-01 3.018053482792082964e-01 3.474970447128578610e-01 9.886814885782700679e-02 3.760430935261863117e-01
2.553392241446409971e-01 3.938505954644547918e-02 -4.008578447607456102e-02 -4.452723458695201364e-02 1.230706286129760463e-01 -3.101248774602414354e-02 -1.612730956850683406e-01 -6.149711843722897864e-02 1.074275052965118216e-01 1.000000000000000000e+00 1.884330815173989315e-01 1.109684663377097091e-01 3.697549355290724593e-01 -3.001410313773083399e-02 2.002477531519665788e-01 3.673671369157182620e-01 2.382641855677389287e-01
3.629168017001455082e-01 4.017565273027025041e-01 1.486410487808766945e-01 9.183979472090292306e-02 5.009534912465261058e-01 2.921182054653527760e-01 1.835386688726932947e-01 4.364990533097563574e-01 -3.999403731364700905e-03 1.884330815173989315e-01 1.000000000000000000e+00 3.627591520697762695e-01 3.684693731672773476e-01 2.219394122326551200e-01 3.602639018892173639e-01 4.139192102112470573e-01 1.992643699648570799e-01
4.647764431574382127e-01 2.225448514117447096e-01 4.476560659391808361e-01 1.550695391910350829e-01 6.665538038182734493e-01 6.663885780947973458e-01 3.818200756286505571e-01 5.636328868021122096e-01 3.350190884425867655e-01 1.109684663377097091e-01 3.627591520697762695e-01 1.000000000000000000e+00 6.378222535080674271e-01 3.180973014139968913e-01 2.138985801335649417e-01 8.348605874288461681e-02 3.229811660485940594e-01
2.140234218584872450e-01 1.575571812503541447e-01 1.658691073319026599e-01 -1.104793318054523785e-02 3.352087007722059919e-01 2.420218943658573318e-01 1.469953345587970452e-02 4.195872831650351853e-01 1.041649077701784221e-01 3.697549355290724593e-01 3.684693731672773476e-01 6.378222535080674271e-01 1.000000000000000000e+00 2.566573771749338095e-01 9.993552474219238868e-02 3.786107095590603433e-01 5.250636076701917787e-01
2.736370200999782565e-01 2.965891046669003051e-01 2.781019270367387497e-01 4.080551495161721109e-01 2.878633069721682203e-01 3.260641177261955348e-01 4.523132589470884590e-01 4.500866072280536589e-01 3.018053482792082964e-01 -3.001410313773083399e-02 2.219394122326551200e-01 3.180973014139968913e-01 2.566573771749338095e-01 1.000000000000000000e+00 1.562953084329466169e-01 1.613264740953421483e-01 5.121614812442744080e-01
3.943536841837836926e-01 6.236588016632482051e-02 4.521482849378954949e-02 7.666368094526265775e-02 5.016134231263141841e-01 2.638504325306876286e-01 2.092124211689529514e-02 -1.800085780092363849e-02 3.474970447128578610e-01 2.002477531519665788e-01 3.602639018892173639e-01 2.138985801335649417e-01 9.993552474219238868e-02 1.562953084329466169e-01 1.000000000000000000e+00 3.764480431785466319e-01 2.662127239628179209e-01
9.755651805692196199e-02 1.638404420773609954e-02 -2.335360268218744650e-02 -4.318223194802906645e-02 -3.961027499986024408e-02 -3.130229112386120199e-02 -1.814912240268053978e-01 7.903234616933096923e-02 9.886814885782700679e-02 3.673671369157182620e-01 4.139192102112470573e-01 8.348605874288461681e-02 3.786107095590603433e-01 1.613264740953421483e-01 3.764480431785466319e-01 1.000000000000000000e+00 5.952043516781525545e-01
2.130466058484338787e-01 1.274264349884452197e-01 1.710777605975712101e-01 1.700123926585266065e-01 1.405780588871833880e-01 1.941421337493110244e-01 1.322335119816503701e-01 3.599565826790472323e-01 3.760430935261863117e-01 2.382641855677389287e-01 1.992643699648570799e-01 3.229811660485940594e-01 5.250636076701917787e-01 5.121614812442744080e-01 2.662127239628179209e-01 5.952043516781525545e-01 1.000000000000000000e+00
