1.000000000000000000e+00 8.423370632648885525e-01 5.075255598696906123e-01 4.539847709160826361e-01 8.408686792829994650e-01 6.833308833825765261e-01 4.486686266696467418e-01 2.854436867529466793e-01 2.525720766732144074e-01 3.158298159748582634e-01 5.406328402355828899e-01 4.840196206205328866e-01 2.540322061368244233e-01 6.758321222210914581e-01 6.808935103330896466e-01 3.521506091152227236e-01 4.825546119947313750e-01
8.423370632648885525e-01 1.000000000000000000e+00 6.134200849343183215e-01 5.097415696077217673e-01 7.795470123726184752e-01 7.234069987199919227e-01 4.606302755303769980e-01 2.766253014340309124e-01 1.381739977514505613e-01 2.650855377965755655e-01 4.971507706555680084e-01 4.293490200273166746e-01 1.557895767749384597e-01 7.088774157253358021e-01 6.588888383942810290e-01 2.617528754709238514e-01 4.804505637325450218e-01
5.075255598696906123e-01 6.134200849343183215e-01 1.000000000000000000e+00 7.277216467005725997e-01 5.558698595777770146e-01 8.430248697333180274e-01 6.933017059734046805e-01 2.787587098620188941e-01 1.139830792141654087e-01 2.098030888040215980e-01 2.488699722029390216e-01 4.506063744337274191e-01 -1.637981775233489368e-02 6.224300326251809290e-01 3.533651225516759586e-01 -9.232844441769857968e-02 2.460026136493672910e-01
4.539847709160826361e-01 5.097415696077217673e-01 7.277216467005725997e-01 1.000000000000000000e+00 4.572273459395093664e-01 6.574670856828672694e-01 7.492450539007540211e-01 3.271187288202595522e-01 1.137077374342019692e-01 1.766736017229645628e-01 2.526195867618645230e-01 5.096195027738280592e-01 1.045033182457169585e-01 6.022267685315583208e-01 3.389695224557588427e-01 -5.198554556892507131e-03 2.354633694412854861e-01
8.408686792829994650e-01 7.795470123726184752e-01 5.558698595777770146e-01 4.572273459395093664e-01 1.000000000000000000e+00 7.748805836399664804e-01 5.597612196921813998e-01 4.742694749249521391e-01 3.166192770101343146e-01 4.096005307159543141e-01 6.496667324818616862e-01 6.869259373587410789e-01 3.786678323814350322e-01 6.546842546089410853e-01 7.756069337648570095e-01 3.880079508304725699e-01 4.610488805847849370e-01
6.833308833825765261e-01 7.234069987199919227e-01 8.430248697333180274e-01 6.574670856828672694e-01 7.748805836399664804e-01 1.000000000000000000e+00 7.297193383099030983e-01 4.104650663575653557e-01 1.572430213380459907e-01 2.538769269408518436e-01 4.528061353757006913e-01 5.719568284833418392e-01 1.285149494129466663e-01 6.824919031461853525e-01 5.056113502952793715e-01 7.195102785628056108e-02 3.584463833298723312e-01
4.486686266696467418e-01 4.606302755303769980e-01 6.933017059734046805e-01 7.492450539007540211e-01 5.597612196921813998e-01 7.297193383099030983e-01 1.000000000000000000e+00 6.811918229547111459e-01 2.417143153244726561e-01 3.125706678202907485e-01 4.039444784676179956e-01 6.257243004457349045e-01 2.110672183591094653e-01 6.151558499567960636e-01 3.421945569979270019e-01 4.299845758525860017e-04 2.808529926187941506e-01
2.854436867529466793e-01 2.766253014340309124e-01 2.787587098620188941e-01 3.271187288202595522e-01 4.742694749249521391e-01 4.104650663575653557e-01 6.811918229547111459e-01 1.000000000000000000e+00 2.419728451698676119e-01 3.558860539907504617e-01 5.417063138472326678e-01 5.922990676821167089e-01 5.784541749731376692e-01 4.030155280158909115e-01 3.744615639225047365e-01 2.799173387437212113e-01 3.819113496931313967e-01
2.525720766732144074e-01 1.381739977514505613e-01 1.139830792141654087e-01 1.137077374342019692e-01 3.166192770101343146e-01 1.572430213380459907e-01 2.417143153244726561e-01 2.419728451698676119e-01 1.000000000000000000e+00 5.422392740803028133e-01 2.702345617089351726e-01 2.337779173556413792e-01 1.769800997855883185e-01 2.082351367268153175e-01 2.872367890663750645e-01 1.890192660680286296e-01 2.505293750528440055e-01
3.158298159748582634e-01 2.650855377965755655e-01 2.098030888040215980e-01 1.766736017229645628e-01 4.096005307159543141e-01 2.538769269408518436e-01 3.125706678202907485e-01 3.558860539907504617e-01 5.422392740803028133e-01 1.000000000000000000e+00 3.229127532301559467e-01 3.425505559207427941e-01 3.514301649595100163e-01 3.672070732104063540e-01 4.143770130931812568e-01 4.421994480942250116e-01 4.722078032075586740e-01
5.406328402355828899e-01 4.971507706555680084e-01 2.488699722029390216e-01 2.526195867618645230e-01 6.496667324818616862e-01 4.528061353757006913e-01 4.039444784676179956e-01 5.417063138472326678e-01 2.702345617089351726e-01 3.229127532301559467e-01 1.000000000000000000e+00 4.342085811035899523e-01 4.742299682241596370e-01 3.795710188625096015e-01 6.352855638777519243e-01 5.814194889350170481e-01 3.140138507568815407e-01
4.840196206205328866e-01 4.293490200273166746e-01 4.506063744337274191e-01 5.096195027738280592e-01 6.869259373587410789e-01 5.719568284833418392e-01 6.257243004457349045e-01 5.922990676821167089e-01 2.337779173556413792e-01 3.425505559207427941e-01 4.342085811035899523e-01 1.000000000000000000e+00 5.298343631101911644e-01 4.674389092160234904e-01 5.867613877358794916e-01 2.255404484032866030e-01 3.220352635364434613e-01
2.540322061368244233e-01 1.557895767749384597e-01 -1.637981775233489368e-02 1.045033182457169585e-01 3.786678323814350322e-01 1.285149494129466663e-01 2.110672183591094653e-01 5.784541749731376692e-01 1.769800997855883185e-01 3.514301649595100163e-01 4.742299682241596370e-01 5.298343631101911644e-01 1.000000000000000000e+00 1.965296042911143792e-01 4.238129704077988058e-01 6.339160667832244300e-01 5.488751520889182389e-01
6.758321222210914581e-01 7.088774157253358021e-01 6.224300326251809290e-01 6.022267685315583208e-01 6.546842546089410853e-01 6.824919031461853525e-01 6.151558499567960636e-01 4.030155280158909115e-01 2.082351367268153175e-01 3.672070732104063540e-01 3.795710188625096015e-01 4.674389092160234904e-01 1.965296042911143792e-01 1.000000000000000000e+00 5.449648291069822958e-01 2.472729279730418728e-01 6.358149367888135117e-01
6.808935103330896466e-01 6.588888383942810290e-01 3.533651225516759586e-01 3.389695224557588427e-01 7.756069337648570095e-01 5.056113502952793715e-01 3.421945569979270019e-01 3.744615639225047365e-01 2.872367890663750645e-01 4.143770130931812568e-01 6.352855638777519243e-01 5.867613877358794916e-01 4.238129704077988058e-01 5.449648291069822958e-01 1.000000000000000000e+00 6.351097739715495516e-01 4.640754372639756542e-01
3.521506091152227236e-01 2.617528754709238514e-01 -9.232844441769857968e-02 -5.198554556892507131e-03 3.880079508304725699e-01 7.195102785628056108e-02 4.299845758525860017e-04 2.799173387437212113e-01 1.890192660680286296e-01 4.421994480942250116e-01 5.814194889350170481e-01 2.255404484032866030e-01 6.339160667832244300e-01 2.472729279730418728e-01 6.351097739715495516e-01 1.000000000000000000e+00 5.752386494725333366e-01
4.825546119947313750e-01 4.804505637325450218e-01 2.460026136493672910e-01 2.354633694412854861e-01 4.610488805847849370e-01 3.584463833298723312e-01 2.808529926187941506e-01 3.819113496931313967e-01 2.505293750528440055e-01 4.722078032075586740e-01 3.140138507568815407e-01 3.220352635364434613e-01 5.488751520889182389e-01 6.358149367888135117e-01 4.640754372639756542e-01 5.752386494725333366e-01 1.000000000000000000e+00
