1.000000000000000000e+00 7.060476381251035161e-01 5.132912395378976811e-01 5.023086401000745882e-01 7.475110244215810162e-01 5.992762382763596740e-01 5.335326972306357884e-01 6.267722308918719509e-01 3.021191838157278875e-01 6.010538244076978343e-01 6.397674022645366554e-01 4.706763354391887422e-01 5.555766619527101602e-01 5.893959171310030332e-01 6.831565784381771200e-01 6.368016488922062512e-01 6.558917096046492645e-01
7.060476381251035161e-01 1.000000000000000000e+00 4.942980264877205876e-01 5.816672117334346082e-01 7.646179177050980158e-01 6.619867269063038906e-01 6.085774313336146379e-01 6.769734334608035198e-01 1.383709547215687119e-01 4.495882776558957072e-01 6.694947924543367401e-01 4.496699716001960057e-01 3.903337632015851377e-01 5.575819216577436732e-01 6.996645058263767369e-01 5.303791407078216613e-01 5.489027984003298499e-01
5.132912395378976811e-01 4.942980264877205876e-01 1.000000000000000000e+00 6.247342355474868603e-01 7.014405370686375152e-01 8.291680326696002634e-01 7.355637870419413638e-01 6.474858793728953676e-01 3.693128270750783426e-01 5.334707188873256678e-01 5.683891918545670441e-01 6.813415339506269097e-01 5.725501150377471093e-01 6.388576213435124274e-01 5.953854802198096374e-01 6.290607150553758631e-01 6.442381903994017778e-01
5.023086401000745882e-01 5.816672117334346082e-01 6.247342355474868603e-01 1.000000000000000000e+00 6.698232140554550851e-01 6.448371551164286952e-01 7.899288677098037503e-01 6.417919711851168829e-01 2.609202805825867055e-01 3.503317571028764510e-01 5.684785536623468971e-01 5.506044752804051257e-01 4.924755353652093826e-01 7.279057176748628954e-01 6.410556752865402830e-01 5.477992861786229462e-01 5.890266015013549961e-01
7.475110244215810162e-01 7.646179177050980158e-01 7.014405370686375152e-01 6.698232140554550851e-01 1.000000000000000000e+00 8.174293753995967027e-01 7.171238671723566549e-01 7.681024886457737955e-01 3.412876627128699769e-01 5.392560103172904240e-01 8.106319819876905974e-01 7.581416008069403745e-01 6.246541980678838035e-01 7.226250724457131680e-01 7.847696253375050501e-01 6.884729872869754796e-01 6.534188459075300770e-01
5.992762382763596740e-01 6.619867269063038906e-01 8.291680326696002634e-01 6.448371551164286952e-01 8.174293753995967027e-01 1.000000000000000000e+00 8.245892657144079374e-01 7.863532005760928145e-01 3.615409974583054797e-01 4.924161907542853323e-01 6.563056135896053744e-01 6.936324797468021996e-01 5.492063434918006415e-01 7.085221902113880699e-01 6.605051451345548275e-01 5.965427087506850468e-01 6.472502049888377851e-01
5.335326972306357884e-01 6.085774313336146379e-01 7.355637870419413638e-01 7.899288677098037503e-01 7.171238671723566549e-01 8.245892657144079374e-01 1.000000000000000000e+00 8.146639807745368334e-01 3.250927068623471472e-01 4.170361902001691878e-01 5.984198504843472044e-01 6.137704238017540614e-01 5.321865611482642366e-01 7.223714327509387356e-01 6.698179977373365235e-01 5.347973750712238239e-01 6.258545765602839817e-01
6.267722308918719509e-01 6.769734334608035198e-01 6.474858793728953676e-01 6.417919711851168829e-01 7.681024886457737955e-01 7.863532005760928145e-01 8.146639807745368334e-01 1.000000000000000000e+00 3.564833575153939504e-01 5.591295646554136356e-01 6.652019780245606029e-01 7.691584901350285719e-01 7.104171234374222488e-01 7.641129759614115891e-01 6.826467312167857626e-01 6.987474260928694392e-01 7.944879119240618737e-01
3.021191838157278875e-01 1.383709547215687119e-01 3.693128270750783426e-01 2.609202805825867055e-01 3.412876627128699769e-01 3.615409974583054797e-01 3.250927068623471472e-01 3.564833575153939504e-01 1.000000000000000000e+00 5.012396431627532678e-01 2.309357203921057478e-01 3.064147811704233115e-01 2.888547676431800215e-01 3.015734954907909882e-01 4.257993170409730133e-01 4.129930311941629739e-01 3.985580215401301474e-01
6.010538244076978343e-01 4.495882776558957072e-01 5.334707188873256678e-01 3.503317571028764510e-01 5.392560103172904240e-01 4.924161907542853323e-01 4.170361902001691878e-01 5.591295646554136356e-01 5.012396431627532678e-01 1.000000000000000000e+00 4.182304448513002870e-01 5.314735048816805474e-01 6.365747845493757717e-01 4.850226351677896508e-01 6.063507176114816266e-01 7.316912066517936575e-01 7.107954804178131525e-01
6.397674022645366554e-01 6.694947924543367401e-01 5.683891918545670441e-01 5.684785536623468971e-01 8.106319819876905974e-01 6.563056135896053744e-01 5.984198504843472044e-01 6.652019780245606029e-01 2.309357203921057478e-01 4.182304448513002870e-01 1.000000000000000000e+00 6.256425820386756209e-01 5.427596991431189455e-01 6.265019425908218142e-01 7.212141801710481026e-01 6.501093731408110754e-01 5.299963657560305963e-01
4.706763354391887422e-01 4.496699716001960057e-01 6.813415339506269097e-01 5.506044752804051257e-01 7.581416008069403745e-01 6.936324797468021996e-01 6.137704238017540614e-01 7.691584901350285719e-01 3.064147811704233115e-01 5.314735048816805474e-01 6.256425820386756209e-01 1.000000000000000000e+00 8.140880354881188108e-01 7.142577388412151285e-01 6.164543220349547603e-01 7.247398102632767181e-01 7.079627871215287138e-01
5.555766619527101602e-01 3.903337632015851377e-01 5.725501150377471093e-01 4.924755353652093826e-01 6.246541980678838035e-01 5.492063434918006415e-01 5.321865611482642366e-01 7.104171234374222488e-01 2.888547676431800215e-01 6.365747845493757717e-01 5.427596991431189455e-01 8.140880354881188108e-01 1.000000000000000000e+00 7.168150778485404828e-01 5.536731452363385930e-01 7.008805550507013482e-01 7.892302340805377181e-01
5.893959171310030332e-01 5.575819216577436732e-01 6.388576213435124274e-01 7.279057176748628954e-01 7.226250724457131680e-01 7.085221902113880699e-01 7.223714327509387356e-01 7.641129759614115891e-01 3.015734954907909882e-01 4.850226351677896508e-01 6.265019425908218142e-01 7.142577388412151285e-01 7.168150778485404828e-01 1.000000000000000000e+00 6.615331720434938223e-01 6.496215580490847241e-01 7.940174487186031360e-01
6.831565784381771200e-01 6.996645058263767369e-01 5.953854802198096374e-01 6.410556752865402830e-01 7.847696253375050501e-01 6.605051451345548275e-01 6.698179977373365235e-01 6.826467312167857626e-01 4.257993170409730133e-01 6.063507176114816266e-01 7.212141801710481026e-01 6.164543220349547603e-01 5.536731452363385930e-01 6.615331720434938223e-01 1.000000000000000000e+00 7.386802606806737170e-01 6.740110904266872760e-01
6.368016488922062512e-01 5.303791407078216613e-01 6.290607150553758631e-01 5.477992861786229462e-01 6.884729872869754796e-01 5.965427087506850468e-01 5.347973750712238239e-01 6.987474260928694392e-01 4.129930311941629739e-01 7.316912066517936575e-01 6.501093731408110754e-01 7.247398102632767181e-01 7.008805550507013482e-01 6.496215580490847241e-01 7.386802606806737170e-01 1.000000000000000000e+00 8.099041824826432867e-01
6.558917096046492645e-01 5.489027984003298499e-01 6.442381903994017778e-01 5.890266015013549961e-01 6.534188459075300770e-01 6.472502049888377851e-01 6.258545765602839817e-01 7.944879119240618737e-01 3.985580215401301474e-01 7.107954804178131525e-01 5.299963657560305963e-01 7.079627871215287138e-01 7.892302340805377181e-01 7.940174487186031360e-01 6.740110904266872760e-01 8.099041824826432867e-01 1.000000000000000000e+00
