1.000000000000000000e+00 7.308168496588650642e-01 1.388034118041274467e-01 1.733896246877430214e-01 5.740490150323470653e-01 2.579553181576089149e-01 1.563636919285607552e-01 2.645519400812091360e-01 2.886299304946389199e-01 4.036820295884633869e-01 2.295836491736621132e-01 2.306935243134105862e-01 3.290117724297306756e-01 3.182510064407169104e-01 3.428161655394167950e-01 3.834103686212952944e-01 4.556241495114201068e-01
7.308168496588650642e-01 1.000000000000000000e+00 1.120619239972623915e-01 2.241356401697397749e-01 4.977819679515269602e-01 1.711921183360334275e-01 1.672491418799732787e-01 3.119015569277470146e-01 2.370292391351840056e-01 2.461215467624024156e-01 2.868093840416548468e-01 2.194794162176058050e-01 2.181962799282278764e-01 3.588882061208961138e-01 4.987303402312747158e-01 5.245084038138897453e-01 4.208294352706513641e-01
1.388034118041274467e-01 1.120619239972623915e-01 1.000000000000000000e+00 4.829001341922912194e-01 3.718480443048024497e-01 5.465266236063169858e-01 4.664706925178364605e-01 6.484106108326564977e-02 2.090092732272497977e-01 1.334149385549436018e-01 1.583451528560437527e-01 8.280274642455362488e-02 -9.396426890857029202e-02 1.364130720679705144e-01 2.665301394399263724e-01 1.761464347873356873e-01 2.298569026638538557e-02
1.733896246877430214e-01 2.241356401697397749e-01 4.829001341922912194e-01 1.000000000000000000e+00 4.436776909699363669e-01 4.177721233499306352e-01 7.145700890517256987e-01 4.036570232235177080e-01 3.537874757413793647e-01 1.986518226006518117e-01 7.123110434327330209e-02 2.268424637297369317e-01 9.153476376054105190e-02 4.360588678145306818e-01 2.958433420059995989e-01 2.434970859589807579e-01 2.020352973926960172e-01
5.740490150323470653e-01 4.977819679515269602e-01 3.718480443048024497e-01 4.436776909699363669e-01 1.000000000000000000e+00 6.125046655493910919e-01 4.220217766841586893e-01 3.216200979292470064e-01 2.483297059311540822e-01 2.936895602514504322e-01 3.049965141812291947e-01 4.197761341210095032e-01 2.851865146103124693e-01 3.699945072876941743e-01 1.764031969154528923e-01 2.621906431775450352e-01 2.556334252320015543e-01
2.579553181576089149e-01 1.711921183360334275e-01 5.465266236063169858e-01 4.177721233499306352e-01 6.125046655493910919e-01 1.000000000000000000e+00 5.398248723021406015e-01 2.510850674456648890e-01 2.267042974183690607e-01 2.791202252112776061e-01 3.336431995402744377e-02 4.637009869449511545e-01 9.357633779330511159e-02 1.540277725312192425e-01 8.741996540900236201e-02 7.943786187899555540e-02 1.327000547007144496e-02
1.563636919285607552e-01 1.672491418799732787e-01 4.664706925178364605e-01 7.145700890517256987e-01 4.220217766841586893e-01 5.398248723021406015e-01 1.000000000000000000e+00 6.379512775681216441e-01 3.752159490860941249e-01 3.347094881862738847e-01 1.067775390295460647e-01 4.004640733995051827e-01 2.578002466382105506e-01 2.432219633584176699e-01 1.571920662689830217e-01 1.255530905275905607e-01 5.196019653532003846e-02
2.645519400812091360e-01 3.119015569277470146e-01 6.484106108326564977e-02 4.036570232235177080e-01 3.216200979292470064e-01 2.510850674456648890e-01 6.379512775681216441e-01 1.000000000000000000e+00 2.548678044644672180e-01 3.927601298714957778e-01 2.201741243040413187e-01 3.688011855209683554e-01 6.296423344677619660e-01 3.418573708619658258e-01 8.315025465478381728e-02 2.541782798669892651e-01 2.861979396002178322e-01
2.886299304946389199e-01 2.370292391351840056e-01 2.090092732272497977e-01 3.537874757413793647e-01 2.483297059311540822e-01 2.267042974183690607e-01 3.752159490860941249e-01 2.548678044644672180e-01 1.000000000000000000e+00 4.506617463866589013e-01 5.969806750651029253e-02 2.596470168253814381e-01 2.707709075134995258e-01 4.181728063375266258e-01 4.086575683636340939e-01 2.755730063690741138e-01 4.090466513510261914e-01
4.036820295884633869e-01 2.461215467624024156e-01 1.334149385549436018e-01 1.986518226006518117e-01 2.936895602514504322e-01 2.791202252112776061e-01 3.347094881862738847e-01 3.927601298714957778e-01 4.506617463866589013e-01 1.000000000000000000e+00 2.204300071871233557e-01 4.486443567882956174e-01 4.449213109054656612e-01 1.972529082510870724e-01 2.879656785123596574e-01 3.666311005828768455e-01 4.048146337842329912e-01
2.295836491736621132e-01 2.868093840416548468e-01 1.583451528560437527e-01 7.123110434327330209e-02 3.049965141812291947e-01 3.336431995402744377e-02 1.067775390295460647e-01 2.201741243040413187e-01 5.969806750651029253e-02 2.204300071871233557e-01 1.000000000000000000e+00 1.844769088375106392e-01 3.110485315767253511e-01 2.501920933966730876e-01 3.882404064786642572e-01 6.054547105946553875e-01 3.002675215153927102e-01
2.306935243134105862e-01 2.194794162176058050e-01 8.280274642455362488e-02 2.268424637297369317e-01 4.197761341210095032e-01 4.637009869449511545e-01 4.004640733995051827e-01 3.688011855209683554e-01 2.596470168253814381e-01 4.486443567882956174e-01 1.844769088375106392e-01 1.000000000000000000e+00 4.823806485933884725e-01 1.397117838146049174e-01 1.557494162512274849e-01 1.588725900331510177e-01 1.787601686683886748e-01
3.290117724297306756e-01 2.181962799282278764e-01 -9.396426890857029202e-02 9.153476376054105190e-02 2.851865146103124693e-01 9.357633779330511159e-02 2.578002466382105506e-01 6.296423344677619660e-01 2.707709075134995258e-01 4.449213109054656612e-01 3.110485315767253511e-01 4.823806485933884725e-01 1.000000000000000000e+00 4.040853887768676156e-01 6.023086278956400752e-02 2.551158142286329977e-01 5.082840922602913647e-01
3.182510064407169104e-01 3.588882061208961138e-01 1.364130720679705144e-01 4.360588678145306818e-01 3.699945072876941743e-01 1.540277725312192425e-01 2.432219633584176699e-01 3.418573708619658258e-01 4.181728063375266258e-01 1.972529082510870724e-01 2.501920933966730876e-01 1.397117838146049174e-01 4.040853887768676156e-01 1.000000000000000000e+00 3.188547275290182781e-01 4.180141334624152827e-01 7.058885746372993708e-01
3.428161655394167950e-01 4.987303402312747158e-01 2.665301394399263724e-01 2.958433420059995989e-01 1.764031969154528923e-01 8.741996540900236201e-02 1.571920662689830217e-01 8.315025465478381728e-02 4.086575683636340939e-01 2.879656785123596574e-01 3.882404064786642572e-01 1.557494162512274849e-01 6.023086278956400752e-02 3.188547275290182781e-01 1.000000000000000000e+00 6.599639232380842824e-01 3.469288779146949553e-01
3.834103686212952944e-01 5.245084038138897453e-01 1.761464347873356873e-01 2.434970859589807579e-01 2.621906431775450352e-01 7.943786187899555540e-02 1.255530905275905607e-01 2.541782798669892651e-01 2.755730063690741138e-01 3.666311005828768455e-01 6.054547105946553875e-01 1.588725900331510177e-01 2.551158142286329977e-01 4.180141334624152827e-01 6.599639232380842824e-01 1.000000000000000000e+00 5.088150465320776528e-01
4.556241495114201068e-01 4.208294352706513641e-01 2.298569026638538557e-02 2.020352973926960172e-01 2.556334252320015543e-01 1.327000547007144496e-02 5.196019653532003846e-02 2.861979396002178322e-01 4.090466513510261914e-01 4.048146337842329912e-01 3.002675215153927102e-01 1.787601686683886748e-01 5.082840922602913647e-01 7.058885746372993708e-01 3.469288779146949553e-01 5.088150465320776528e-01 1.000000000000000000e+00
