1.000000000000000000e+00 8.432861286430515246e-01 7.932681637165374111e-01 7.101141129922502460e-01 8.650909742778553069e-01 7.834871095371978011e-01 6.680326762391903817e-01 5.144582122155889614e-01 6.396144266060108663e-01 6.991270269544789251e-01 7.383806495051705721e-01 5.206912899112774440e-01 5.889593669593011782e-01 8.065196975952064751e-01 7.607352172467672924e-01 6.631912799802871517e-01 7.622287368466436064e-01
8.432861286430515246e-01 1.000000000000000000e+00 8.056348583020495058e-01 7.451643816640347584e-01 7.766364200112135796e-01 7.766658702738997722e-01 6.658286480265208640e-01 4.813602834257871832e-01 5.315491457616677851e-01 6.658898174111975710e-01 6.958187870452355872e-01 4.617096643387534893e-01 5.406641614075381463e-01 7.503563224323256398e-01 7.610302579673164924e-01 6.314320628538351299e-01 6.960772071464949029e-01
7.932681637165374111e-01 8.056348583020495058e-01 1.000000000000000000e+00 8.120225952650541590e-01 7.918751057168159635e-01 8.961601226980193680e-01 8.257750449656290348e-01 6.354253943737062649e-01 6.030640990230171639e-01 6.848111228228891401e-01 7.248841974078477080e-01 5.361505260363877978e-01 5.091169584546624272e-01 7.426679925085497569e-01 6.437532703966289960e-01 5.678422873138556648e-01 6.160826200945398456e-01
7.101141129922502460e-01 7.451643816640347584e-01 8.120225952650541590e-01 1.000000000000000000e+00 6.721851772274689552e-01 7.803189467412096070e-01 8.693894179007725098e-01 6.008841674825591284e-01 5.846500114450876584e-01 6.164508529479806320e-01 6.221085021934447123e-01 5.422199513243376456e-01 5.704696117746500539e-01 7.547377764050091642e-01 5.990535408839100517e-01 5.457254153760143778e-01 6.119067430942167762e-01
8.650909742778553069e-01 7.766364200112135796e-01 7.918751057168159635e-01 6.721851772274689552e-01 1.000000000000000000e+00 8.559720083740699481e-01 7.040488963025055558e-01 6.282838655316426157e-01 6.894622326569066484e-01 7.707879549604417235e-01 8.486501893653377593e-01 7.239079994711615784e-01 6.873470765227115420e-01 8.290166938508138905e-01 7.884549843975773298e-01 7.339878167382936081e-01 8.043784967041407441e-01
7.834871095371978011e-01 7.766658702738997722e-01 8.961601226980193680e-01 7.803189467412096070e-01 8.559720083740699481e-01 1.000000000000000000e+00 8.582256283419346099e-01 6.994378744552759430e-01 6.100752772441633276e-01 6.521598240575011696e-01 7.360554920670042689e-01 6.882612116817540260e-01 5.530616202810914039e-01 7.504012294157965668e-01 6.349891115624469728e-01 5.659617749626886241e-01 6.342482587138544847e-01
6.680326762391903817e-01 6.658286480265208640e-01 8.257750449656290348e-01 8.693894179007725098e-01 7.040488963025055558e-01 8.582256283419346099e-01 1.000000000000000000e+00 8.174471382405941178e-01 6.408233038802129133e-01 5.957548352452397555e-01 6.256082811473773209e-01 6.344959479902423372e-01 5.009476181735553757e-01 7.218363688020765778e-01 5.380434811903628267e-01 5.327713086085283933e-01 5.833420423073606420e-01
5.144582122155889614e-01 4.813602834257871832e-01 6.354253943737062649e-01 6.008841674825591284e-01 6.282838655316426157e-01 6.994378744552759430e-01 8.174471382405941178e-01 1.000000000000000000e+00 5.926787304019919267e-01 4.791510322423230273e-01 5.891203879304921509e-01 6.557773806558149232e-01 5.307054095869395693e-01 6.225966079855165258e-01 3.963090963747663009e-01 5.038307118042880672e-01 5.535708518018738200e-01
6.396144266060108663e-01 5.315491457616677851e-01 6.030640990230171639e-01 5.846500114450876584e-01 6.894622326569066484e-01 6.100752772441633276e-01 6.408233038802129133e-01 5.926787304019919267e-01 1.000000000000000000e+00 7.165228674956787280e-01 6.280283403221585958e-01 5.591506050370534942e-01 5.393168331508136903e-01 6.331424415715141141e-01 6.303437780128429146e-01 6.079985226935744613e-01 6.841804156568218609e-01
6.991270269544789251e-01 6.658898174111975710e-01 6.848111228228891401e-01 6.164508529479806320e-01 7.707879549604417235e-01 6.521598240575011696e-01 5.957548352452397555e-01 4.791510322423230273e-01 7.165228674956787280e-01 1.000000000000000000e+00 6.938632489340799125e-01 6.079977733699082343e-01 6.203665927690372728e-01 7.470758532331139845e-01 7.223918726229033860e-01 6.920724354676822676e-01 7.766186922728491870e-01
7.383806495051705721e-01 6.958187870452355872e-01 7.248841974078477080e-01 6.221085021934447123e-01 8.486501893653377593e-01 7.360554920670042689e-01 6.256082811473773209e-01 5.891203879304921509e-01 6.280283403221585958e-01 6.938632489340799125e-01 1.000000000000000000e+00 6.150117653040139132e-01 6.976486347846885261e-01 7.576547736405101485e-01 7.679666369953043192e-01 7.807824493488296769e-01 6.800267515911483374e-01
5.206912899112774440e-01 4.617096643387534893e-01 5.361505260363877978e-01 5.422199513243376456e-01 7.239079994711615784e-01 6.882612116817540260e-01 6.344959479902423372e-01 6.557773806558149232e-01 5.591506050370534942e-01 6.079977733699082343e-01 6.150117653040139132e-01 1.000000000000000000e+00 6.928807064498750945e-01 6.646677083168157640e-01 5.198910467083521780e-01 5.455681519884205688e-01 6.472065977140549764e-01
5.889593669593011782e-01 5.406641614075381463e-01 5.091169584546624272e-01 5.704696117746500539e-01 6.873470765227115420e-01 5.530616202810914039e-01 5.009476181735553757e-01 5.307054095869395693e-01 5.393168331508136903e-01 6.203665927690372728e-01 6.976486347846885261e-01 6.928807064498750945e-01 1.000000000000000000e+00 7.080168460998287339e-01 5.768242463493109540e-01 6.362297019512309637e-01 7.219898753032928385e-01
8.065196975952064751e-01 7.503563224323256398e-01 7.426679925085497569e-01 7.547377764050091642e-01 8.290166938508138905e-01 7.504012294157965668e-01 7.218363688020765778e-01 6.225966079855165258e-01 6.331424415715141141e-01 7.470758532331139845e-01 7.576547736405101485e-01 6.646677083168157640e-01 7.080168460998287339e-01 1.000000000000000000e+00 6.705922609432295456e-01 6.526069225933845974e-01 8.188088493011073110e-01
7.607352172467672924e-01 7.610302579673164924e-01 6.437532703966289960e-01 5.990535408839100517e-01 7.884549843975773298e-01 6.349891115624469728e-01 5.380434811903628267e-01 3.963090963747663009e-01 6.303437780128429146e-01 7.223918726229033860e-01 7.679666369953043192e-01 5.198910467083521780e-01 5.768242463493109540e-01 6.705922609432295456e-01 1.000000000000000000e+00 8.570400832821472026e-01 7.668734173189987180e-01
6.631912799802871517e-01 6.314320628538351299e-01 5.678422873138556648e-01 5.457254153760143778e-01 7.339878167382936081e-01 5.659617749626886241e-01 5.327713086085283933e-01 5.038307118042880672e-01 6.079985226935744613e-01 6.920724354676822676e-01 7.807824493488296769e-01 5.455681519884205688e-01 6.362297019512309637e-01 6.526069225933845974e-01 8.570400832821472026e-01 1.000000000000000000e+00 8.086110581312985213e-01
7.622287368466436064e-01 6.960772071464949029e-01 6.160826200945398456e-01 6.119067430942167762e-01 8.043784967041407441e-01 6.342482587138544847e-01 5.833420423073606420e-01 5.535708518018738200e-01 6.841804156568218609e-01 7.766186922728491870e-01 6.800267515911483374e-01 6.472065977140549764e-01 7.219898753032928385e-01 8.188088493011073110e-01 7.668734173189987180e-01 8.086110581312985213e-01 1.000000000000000000e+00
