1.000000000000000000e+00 4.218767777961306420e-01 3.012737603934610986e-01 2.724142772407049384e-01 6.929924645601092115e-01 4.604300930920690038e-01 1.832329321466099059e-01 9.776203068081179559e-02 4.301416009377058147e-01 5.158753648088286736e-01 5.075592762109117917e-01 5.101047211853625418e-01 4.034774399475901108e-01 1.940184355270164751e-01 5.724112337782453208e-01 3.155162524511962996e-01 1.777609139504115754e-01
4.218767777961306420e-01 1.000000000000000000e+00 3.385168274160019197e-01 4.329721601416351429e-01 4.990127777045827995e-01 3.122506353424567838e-01 2.916940106180600512e-01 1.895284611221391136e-01 8.802516584846004077e-02 2.527461286254698014e-01 6.840766960761781590e-01 9.429375619924852681e-02 6.498496800602368562e-02 4.621536956363189036e-02 5.586180226739976273e-01 2.023071054485477416e-01 -8.522867969490609263e-02
3.012737603934610986e-01 3.385168274160019197e-01 1.000000000000000000e+00 4.482806510962750179e-01 2.921284280121954069e-01 6.754885712823772703e-01 5.287033054635745799e-01 3.525402843038830669e-01 -9.623460971374813181e-04 2.675561521070529691e-01 3.635341027043559881e-01 2.774629491614797328e-01 2.735039878173400885e-01 -1.340612509644245887e-01 2.326312780322487839e-01 -7.449085707536244258e-03 -4.693384189039341570e-03
2.724142772407049384e-01 4.329721601416351429e-01 4.482806510962750179e-01 1.000000000000000000e+00 2.830709698972299071e-01 3.743448792777715473e-01 7.137767082794277407e-01 5.663366768889691594e-01 1.897550310205858015e-01 3.204674113396073776e-01 4.818316059607214985e-01 2.711244043347441068e-01 2.460607949682630524e-01 3.031286155750059219e-01 2.508531907749483314e-01 2.812792880365842518e-01 1.739441052618085348e-01
6.929924645601092115e-01 4.990127777045827995e-01 2.921284280121954069e-01 2.830709698972299071e-01 1.000000000000000000e+00 6.563292796500309612e-01 3.093268645361598179e-01 1.830526182530580193e-01 4.107605097311953224e-01 4.785518854195170979e-01 6.693407945462881425e-01 5.784558310425838012e-01 3.698089376242613135e-01 3.540553318754018908e-01 6.509914115527406508e-01 3.737378809798506674e-01 2.626676654705047409e-01
4.604300930920690038e-01 3.122506353424567838e-01 6.754885712823772703e-01 3.743448792777715473e-01 6.563292796500309612e-01 1.000000000000000000e+00 5.617482801903663781e-01 4.047629141931402552e-01 2.620046493172479285e-01 4.562314825958306841e-01 4.027429174980984294e-01 6.117179795073731663e-01 4.694946655786482737e-01 2.688584961773610726e-01 2.755932466309585771e-01 2.289284791252795548e-01 3.949555540075779803e-01
1.832329321466099059e-01 2.916940106180600512e-01 5.287033054635745799e-01 7.137767082794277407e-01 3.093268645361598179e-01 5.617482801903663781e-01 1.000000000000000000e+00 7.152984454308949358e-01 2.540463167729578586e-01 4.083937563927630410e-01 2.970922931605299300e-01 3.403019559980158815e-01 2.808269650928302830e-01 3.023915185818545903e-01 1.646852387321361688e-01 2.226873530084641506e-01 3.241581724419580479e-01
9.776203068081179559e-02 1.895284611221391136e-01 3.525402843038830669e-01 5.663366768889691594e-01 1.830526182530580193e-01 4.047629141931402552e-01 7.152984454308949358e-01 1.000000000000000000e+00 2.618391724506635154e-01 4.830144019055097604e-01 2.993661589158032044e-01 4.470382337898608505e-01 5.427309710542898014e-01 2.928717726004754773e-01 1.102084852198118442e-01 4.250515332454609108e-01 4.265236993834335411e-01
4.301416009377058147e-01 8.802516584846004077e-02 -9.623460971374813181e-04 1.897550310205858015e-01 4.107605097311953224e-01 2.620046493172479285e-01 2.540463167729578586e-01 2.618391724506635154e-01 1.000000000000000000e+00 6.186094513395123951e-01 1.499763810102309469e-01 4.611256298531720144e-01 4.700534194084534101e-01 4.234807210552478107e-01 3.663906456205135442e-01 3.928361733209724260e-01 5.271358827794265789e-01
5.158753648088286736e-01 2.527461286254698014e-01 2.675561521070529691e-01 3.204674113396073776e-01 4.785518854195170979e-01 4.562314825958306841e-01 4.083937563927630410e-01 4.830144019055097604e-01 6.186094513395123951e-01 1.000000000000000000e+00 4.013337326161712237e-01 5.517545329183858316e-01 6.935201796539528507e-01 4.814480506214405819e-01 4.890951114132641164e-01 6.303137498502895397e-01 6.195271612472389444e-01
5.075592762109117917e-01 6.840766960761781590e-01 3.635341027043559881e-01 4.818316059607214985e-01 6.693407945462881425e-01 4.027429174980984294e-01 2.970922931605299300e-01 2.993661589158032044e-01 1.499763810102309469e-01 4.013337326161712237e-01 1.000000000000000000e+00 3.059295344629844315e-01 3.072976057396353822e-01 2.680720718585664075e-01 7.268123224145563999e-01 5.021053831868109718e-01 8.158239894163082928e-02
5.101047211853625418e-01 9.429375619924852681e-02 2.774629491614797328e-01 2.711244043347441068e-01 5.784558310425838012e-01 6.117179795073731663e-01 3.403019559980158815e-01 4.470382337898608505e-01 4.611256298531720144e-01 5.517545329183858316e-01 3.059295344629844315e-01 1.000000000000000000e+00 7.743737448188838801e-01 3.557631765634213794e-01 2.415620564417764182e-01 3.665896064105395036e-01 4.818689177629995601e-01
4.034774399475901108e-01 6.498496800602368562e-02 2.735039878173400885e-01 2.460607949682630524e-01 3.698089376242613135e-01 4.694946655786482737e-01 2.808269650928302830e-01 5.427309710542898014e-01 4.700534194084534101e-01 6.935201796539528507e-01 3.072976057396353822e-01 7.743737448188838801e-01 1.000000000000000000e+00 4.351474862051836756e-01 2.503609763786404652e-01 5.812587017427740532e-01 6.525187338968082562e-01
1.940184355270164751e-01 4.621536956363189036e-02 -1.340612509644245887e-01 3.031286155750059219e-01 3.540553318754018908e-01 2.688584961773610726e-01 3.023915185818545903e-01 2.928717726004754773e-01 4.234807210552478107e-01 4.814480506214405819e-01 2.680720718585664075e-01 3.557631765634213794e-01 4.351474862051836756e-01 1.000000000000000000e+00 2.027740523232793024e-01 5.718918565911693674e-01 7.944162076642858894e-01
5.724112337782453208e-01 5.586180226739976273e-01 2.326312780322487839e-01 2.508531907749483314e-01 6.509914115527406508e-01 2.755932466309585771e-01 1.646852387321361688e-01 1.102084852198118442e-01 3.663906456205135442e-01 4.890951114132641164e-01 7.268123224145563999e-01 2.415620564417764182e-01 2.503609763786404652e-01 2.027740523232793024e-01 1.000000000000000000e+00 5.294894297167569430e-01 5.940705254921718748e-02
3.155162524511962996e-01 2.023071054485477416e-01 -7.449085707536244258e-03 2.812792880365842518e-01 3.737378809798506674e-01 2.289284791252795548e-01 2.226873530084641506e-01 4.250515332454609108e-01 3.928361733209724260e-01 6.303137498502895397e-01 5.021053831868109718e-01 3.665896064105395036e-01 5.812587017427740532e-01 5.718918565911693674e-01 5.294894297167569430e-01 1.000000000000000000e+00 6.026806364583601194e-01
1.777609139504115754e-01 -8.522867969490609263e-02 -4.693384189039341570e-03 1.739441052618085348e-01 2.626676654705047409e-01 3.949555540075779803e-01 3.241581724419580479e-01 4.265236993834335411e-01 5.271358827794265789e-01 6.195271612472389444e-01 8.158239894163082928e-02 4.818689177629995601e-01 6.525187338968082562e-01 7.944162076642858894e-01 5.940705254921718748e-02 6.026806364583601194e-01 1.000000000000000000e+00
