1.000000000000000000e+00 7.917456833271424577e-01 3.913400194180067793e-01 3.794288709436959839e-01 8.075563313071991711e-01 6.205236894044185991e-01 3.641817948278665007e-01 3.305811491553904968e-01 2.455057241085237818e-01 5.408872063858145562e-01 5.046190610684251343e-01 5.104888266911491446e-01 3.723333765338751600e-01 6.510573362540481579e-01 5.575817554379749463e-01 4.537101622736273154e-01 4.900846318575473037e-01
7.917456833271424577e-01 1.000000000000000000e+00 6.393506704071572067e-01 5.062152105148514103e-01 7.427482991116436395e-01 7.738384480185860337e-01 5.736195976079856429e-01 4.271413567181640558e-01 1.564824009257868298e-01 3.694812140585440607e-01 4.245778086919196892e-01 5.208041312611610962e-01 2.663340329847510013e-01 6.557294391493809771e-01 4.660725991839491100e-01 3.063503513738796147e-01 4.357458417347572777e-01
3.913400194180067793e-01 6.393506704071572067e-01 1.000000000000000000e+00 5.757965727116832744e-01 4.634376887455621818e-01 7.719935540387954376e-01 6.268772737107057846e-01 2.661236880322018217e-01 9.074382155996998933e-02 8.992958568283856979e-02 2.208679328727658764e-01 4.162017504225029030e-01 1.484669336703892117e-01 4.752083385288028983e-01 1.997584105881183569e-01 1.613755662192749851e-01 1.985970373135078071e-01
3.794288709436959839e-01 5.062152105148514103e-01 5.757965727116832744e-01 1.000000000000000000e+00 4.687741575211216150e-01 6.024389573446201629e-01 8.087361485406716621e-01 5.646468814341294440e-01 2.760479541719769170e-01 3.894990799567724649e-01 3.300840798073499394e-01 3.658252089577961330e-01 1.450477639148291809e-01 6.886479695342556662e-01 1.903336278430770301e-01 2.663685120653171423e-01 3.993629256740059419e-01
8.075563313071991711e-01 7.427482991116436395e-01 4.634376887455621818e-01 4.687741575211216150e-01 1.000000000000000000e+00 7.219295575822823885e-01 4.257667520309993403e-01 4.246924017293147724e-01 3.107578067628612994e-01 6.050010534881844482e-01 6.645966222703787452e-01 6.977572014182110705e-01 5.426488772317434872e-01 6.326581403211120058e-01 6.579858007540481113e-01 5.734694006323570736e-01 5.056946812909727251e-01
6.205236894044185991e-01 7.738384480185860337e-01 7.719935540387954376e-01 6.024389573446201629e-01 7.219295575822823885e-01 1.000000000000000000e+00 6.605734496138726541e-01 4.241185001743506544e-01 2.460287247168663760e-01 3.883233874701750854e-01 3.652486573850685647e-01 5.800606203829609120e-01 3.318589303620825826e-01 6.438011179128061423e-01 3.747411886592337815e-01 2.937407896323058210e-01 4.402242854656370219e-01
3.641817948278665007e-01 5.736195976079856429e-01 6.268772737107057846e-01 8.087361485406716621e-01 4.257667520309993403e-01 6.605734496138726541e-01 1.000000000000000000e+00 6.871096948001738092e-01 3.032878910819643559e-01 3.221088660714044316e-01 2.721382695297216436e-01 3.804503906190191409e-01 1.937821834518579645e-01 6.340934538585948355e-01 1.536012601996920857e-01 1.609791606348385806e-01 4.238371507466331400e-01
3.305811491553904968e-01 4.271413567181640558e-01 2.661236880322018217e-01 5.646468814341294440e-01 4.246924017293147724e-01 4.241185001743506544e-01 6.871096948001738092e-01 1.000000000000000000e+00 2.801238944281831955e-01 4.380613496675407337e-01 4.348192622052630685e-01 4.824197216945823596e-01 4.981712917000113428e-01 4.919598375694218539e-01 2.648320265884386293e-01 4.350079343494259176e-01 5.851903961181526004e-01
2.455057241085237818e-01 1.564824009257868298e-01 9.074382155996998933e-02 2.760479541719769170e-01 3.107578067628612994e-01 2.460287247168663760e-01 3.032878910819643559e-01 2.801238944281831955e-01 1.000000000000000000e+00 5.415688732872045996e-01 3.056617249692228921e-01 2.397125683092539150e-01 2.907492451959415858e-01 3.065561549069508174e-01 1.534019710838134265e-01 2.747408289415493865e-01 4.047859000270135899e-01
5.408872063858145562e-01 3.694812140585440607e-01 8.992958568283856979e-02 3.894990799567724649e-01 6.050010534881844482e-01 3.883233874701750854e-01 3.221088660714044316e-01 4.380613496675407337e-01 5.415688732872045996e-01 1.000000000000000000e+00 4.454587275248355072e-01 4.547885447708052697e-01 5.022290837423656340e-01 5.077520059793912965e-01 4.362718222810313407e-01 5.489690129956188436e-01 6.734005156781980306e-01
5.046190610684251343e-01 4.245778086919196892e-01 2.208679328727658764e-01 3.300840798073499394e-01 6.645966222703787452e-01 3.652486573850685647e-01 2.721382695297216436e-01 4.348192622052630685e-01 3.056617249692228921e-01 4.454587275248355072e-01 1.000000000000000000e+00 5.389509134732218820e-01 6.482065255865915310e-01 3.691091065541460270e-01 6.247006084900715850e-01 7.220312626939668910e-01 3.529826973596343342e-01
5.104888266911491446e-01 5.208041312611610962e-01 4.162017504225029030e-01 3.658252089577961330e-01 6.977572014182110705e-01 5.800606203829609120e-01 3.804503906190191409e-01 4.824197216945823596e-01 2.397125683092539150e-01 4.547885447708052697e-01 5.389509134732218820e-01 1.000000000000000000e+00 6.570125270838444997e-01 4.888177634824575346e-01 4.857541574719783650e-01 5.547985135863483519e-01 4.983787350720494391e-01
3.723333765338751600e-01 2.663340329847510013e-01 1.484669336703892117e-01 1.450477639148291809e-01 5.426488772317434872e-01 3.318589303620825826e-01 1.937821834518579645e-01 4.981712917000113428e-01 2.907492451959415858e-01 5.022290837423656340e-01 6.482065255865915310e-01 6.570125270838444997e-01 1.000000000000000000e+00 2.528174288351199839e-01 4.807660930190000292e-01 7.668345954643094320e-01 5.875719528787237689e-01
6.510573362540481579e-01 6.557294391493809771e-01 4.752083385288028983e-01 6.886479695342556662e-01 6.326581403211120058e-01 6.438011179128061423e-01 6.340934538585948355e-01 4.919598375694218539e-01 3.065561549069508174e-01 5.077520059793912965e-01 3.691091065541460270e-01 4.888177634824575346e-01 2.528174288351199839e-01 1.000000000000000000e+00 2.422813366606917374e-01 3.176405759013978258e-01 5.832113392619457937e-01
5.575817554379749463e-01 4.660725991839491100e-01 1.997584105881183569e-01 1.903336278430770301e-01 6.579858007540481113e-01 3.747411886592337815e-01 1.536012601996920857e-01 2.648320265884386293e-01 1.534019710838134265e-01 4.362718222810313407e-01 6.247006084900715850e-01 4.857541574719783650e-01 4.807660930190000292e-01 2.422813366606917374e-01 1.000000000000000000e+00 6.222552940848968817e-01 3.458054535924462991e-01
4.537101622736273154e-01 3.063503513738796147e-01 1.613755662192749851e-01 2.663685120653171423e-01 5.734694006323570736e-01 2.937407896323058210e-01 1.609791606348385806e-01 4.350079343494259176e-01 2.747408289415493865e-01 5.489690129956188436e-01 7.220312626939668910e-01 5.547985135863483519e-01 7.668345954643094320e-01 3.176405759013978258e-01 6.222552940848968817e-01 1.000000000000000000e+00 6.264965561530155824e-01
4.900846318575473037e-01 4.357458417347572777e-01 1.985970373135078071e-01 3.993629256740059419e-01 5.056946812909727251e-01 4.402242854656370219e-01 4.238371507466331400e-01 5.851903961181526004e-01 4.047859000270135899e-01 6.734005156781980306e-01 3.529826973596343342e-01 4.983787350720494391e-01 5.875719528787237689e-01 5.832113392619457937e-01 3.458054535924462991e-01 6.264965561530155824e-01 1.000000000000000000e+00
